VERSION:   4
COMMENT: ZrC - NaCl structure type, ICSD 159874
K0:       210.0
K0P:      4.0
DK0DT:    0.0
DK0PDT:   0.0
SYMMETRY: CUBIC
A:        4.69106
B:        4.69106
C:        4.69106
ALPHA:    90.0
BETA:     90.0
GAMMA:    90.0
VOLUME:   103.23167240824304
ALPHAT:   0.0
DALPHADT: 0.0
DIHKL:    2.70838	100	1	1	1
DIHKL:    2.34553	80.9862	2	0	0
DIHKL:    1.65854	59.558	2	2	0
DIHKL:    1.41441	51.5332	3	1	1
DIHKL:    1.35419	21.0836	2	2	2
DIHKL:    1.17277	9.86483	4	0	0
DIHKL:    1.0762	21.1721	3	3	1
DIHKL:    1.04895	27.2068	4	2	0
DIHKL:    0.957559	20.1056	4	2	2
DIHKL:    0.902795	15.6799	5	1	1
DIHKL:    0.82927	6.26989	4	4	0
DIHKL:    0.792934	15.3733	5	3	1
DIHKL:    0.781843	12.908	6	0	0
DIHKL:    0.741722	8.65217	6	2	0
DIHKL:    0.71538	5.43706	5	3	3
DIHKL:    0.707204	7.33926	6	2	2
DIHKL:    0.677096	2.0937	4	4	4
DIHKL:    0.65688	7.96461	7	1	1
DIHKL:    0.650533	5.41082	6	4	0
DIHKL:    0.626869	9.36893	6	4	2
DIHKL:    0.610724	8.88621	7	3	1
