VERSION: 4
COMMENT: LaB6 (NIST SRM 660c, a=4.156826 A at 22.5C, Pm-3m)
K0:        0.
K0P:       0.
SYMMETRY: CUBIC
A:      4.156826
ALPHAT:      0.
DIHKL:   4.1568    60.    1.00    0.00    0.00
DIHKL:   2.9394    100.    1.00    1.00    0.00
DIHKL:   2.3999     40.    1.00    1.00    1.00
DIHKL:   2.0784     70.    2.00    0.00    0.00
DIHKL:   1.8589     25.    2.00    1.00    0.00
DIHKL:   1.6975     30.    2.00    1.00    1.00
DIHKL:   1.4697     50.    2.00    2.00    0.00
DIHKL:   1.3854     15.    2.00    2.00    1.00
DIHKL:   1.2000     20.    2.00    2.00    2.00
DIHKL:   1.1458     10.    3.00    1.00    1.00
DIHKL:   1.0392     25.    4.00    0.00    0.00
